master_volume = 0.0
environment_volume = 0.5
speak_volume = 0.6499999761581421
sfx_volume = 0.28999999165534973
ui_volume = 0.699999988079071